"x","y","category"
0.336575789639626,0.43222991602652,1
0.64806115436426,0.118497983188532,2
0.283145825348448,0.4837199378019,1
0.796389627965426,0.474524081002912,2
0.166000540709629,0.43344178142497,1
0.69830789340872,0.558999060091038,2
0.248369148067503,0.85103816262187,1
0.772962844738817,0.515747749037034,2
0.17937090886124,0.645216344066418,1
0.761417698578116,0.505817710012641,2
0.2206227700896,0.459390807998423,1
0.666591330334565,0.633128075837479,2
0.167066638200595,0.477725922069901,1
0.543614933278037,0.510012393117495,2
0.00951256507473069,0.307561573232902,1
0.815144180429796,0.519362991926191,2
0.265233751878806,0.304391367218693,1
0.908821339883929,0.709216559786718,2
0.354917517743876,0.228935029541283,1
0.689291939439038,0.217158626153414,2
0.31259851372833,0.566801488222516,1
0.631730478122173,0.264810977795542,2
0.405704143284737,0.611845328926569,1
0.672168200184101,0.901147586310432,2
0.286915974339298,0.541535283008721,1
0.832256065230192,0.421554403490426,2
0.223818751441044,0.500214117805012,1
0.615987120389326,0.624421876072067,2
0.332911353357241,0.136586714587701,1
0.680012287331858,0.68933938819455,2
0.181561563209891,0.255012759269083,1
0.864111425229876,0.333993810870652,2
0.190155519409253,0.575182944257462,1
0.837156030688052,0.568893490831994,2
0.493503207915783,0.642242699039181,1
0.713103188308048,0.710865573920512,2
0.498191044580296,0.128138634771847,1
0.710100020680602,0.156787409712506,2
0.302050167431041,0.404022688610279,1
0.714909927363496,0.582892244564745,2
0.359794185571084,0.0591966642482966,1
0.674754419714336,0.559973388848107,2
0.261812875902891,0.477272732214784,1
0.846481156250076,0.504628651247552,2
0.1261769031432,0.0431405298685528,1
0.671326357743531,0.897542189340197,2
0.303258612394089,0.728403743278111,1
0.6374089784385,0.730542238572125,2
0.0160091216634416,0.699645853543561,1
0.893617014526799,0.459619771126373,2
0.245159563560139,0.8113748123524,1
0.575287975234713,0.496533818881126,2
0.465024800290433,0.616528950879277,1
0.753840923032954,0.147433825743786,2
0.258526222659282,0.585238484836979,1
0.777404739398242,0.32527134467191,2
0.369243850656542,0.544035114076543,1
0.657632358536105,0.469493404929353,2
0.296837756330872,0.344925376778794,1
0.717782792839112,0.697461689437061,2
0.352196614732196,0.786483336370557,1
0.857250779773216,0.590158779919973,2
0.186501919577749,0.701273761886766,1
0.863312253907694,0.578530392386425,2
0.28562114381607,0.528133488940764,1
0.80393699240591,0.672289073992405,2
0.280359672159382,0.805001871084425,1
0.876177406875906,0.427096704824816,2
0.333071880307134,0.621875022314895,1
0.716685538398536,0.501864087223129,2
0.161962016882963,0.411955528310811,1
0.88529065195413,0.659293105786635,2
0.0815981832928132,0.455589679727959,1
0.84256298483476,0.279730323387303,2
0.235037773653965,0.250512016863276,1
0.822644217219729,0.572838722849782,2
0.0324651965541705,0.719212660529261,1
0.768085177363427,0.553660090798754,2
0.26325835705193,0.212478132779273,1
0.807346319314896,0.680557859305743,2
0.267241599380013,0.651781933263219,1
0.589610431495128,0.587395045348571,2
0.210223626590213,0.242250525230367,1
0.572611436164439,0.763616149010239,2
0.250081230745726,0.351676615029965,1
0.657797499529827,0.935175799220447,2
0.301658962446072,0.0962455388561225,1
0.827540162670438,0.136308119403279,2
0.309176569953251,0.530479755439254,1
0.664802595785653,0.408498825514305,2
0.185656681602618,0.550236796447823,1
0.714189746588942,0.70007734112169,2
0.403595599022434,0.47560453737444,1
0.547323108569544,0.52257373896169,2
0.232001371233161,0.525064212733816,1
0.825349990468796,0.402960226455942,2
0.148297945064634,0.47125840943309,1
0.896455039935972,0.129396059041883,2
0.216979780615032,0.74377473128416,1
0.846792484441151,0.322868222273939,2
0.18881420694477,0.59423787540545,1
0.775514745622396,0.363355131052716,2
0.151200621324939,0.599647029393819,1
0.658394393857611,0.473057074338614,2
0.0995341016436099,0.431091701896695,1
0.800248440973457,0.458668119412973,2
0.179297381409683,0.46943945453162,1
0.858902976692004,0.338047938293661,2
0.313837668201697,0.0639847140863867,1
0.658508442636499,0.555980313544043,2
0.35770655222929,0.587794881823704,1
0.91691066500049,0.839512000775048,2
0.415503160081081,0.305311688230016,1
0.69654896071215,0.385536536690651,2
0.126437452620556,0.406085628932407,1
0.830018093459803,0.563387164025528,2
0.418024563684643,0.459714703447112,1
0.905491659141007,0.194778770188555,2
0.406661845272029,0.456950360162679,1
0.654911454108015,0.569300845060559,2
0.0417387491941724,0.448380625284604,1
0.806837274171514,0.414465599434592,2
0.501406735312819,0.49921477860852,1
0.625659569643806,0.529460171746919,2
0.226866710156321,0.629821640957311,1
0.821355602091767,0.273612701037824,2
0.195116941464909,0.308949299636797,1
0.766521451261768,0.445077584765636,2
0.275571277003627,0.210216283879252,1
0.764649813265106,0.449332536392942,2
0.323006680590177,0.6803102206097,1
0.811052852781327,0.868196557808818,2
0.209621145105627,0.0754726713777821,1
0.78236811126405,0.414160602255013,2
0.190015336005369,0.242109687226151,1
0.71284781101089,0.679831486159155,2
0.0716857174940156,0.226493765965421,1
0.818070221652346,0.578155823410549,2
0.300715336606653,0.356266052511853,1
0.667737618821931,0.582048247737289,2
0.36919245810912,0.182343515901323,1
0.695734440017288,0.149387425371023,2
0.247116036219543,0.31113064068453,1
0.867579761211125,0.479660228297883,2
0.257782341036547,0.144985071029213,1
0.749606304212852,0.0453681762932363,2
0.232000346315998,0.359401127530295,1
0.741435965502325,0.797838037758588,2
0.351536954644292,0.652233474674036,1
0.572159527775334,0.438867521764755,2
0.144641833870713,0.465523690539232,1
0.852480437663794,0.775228332699957,2
0.361541115638019,0.386541690724184,1
0.750626825499037,0.649296883841832,2
0.319639335064506,0.305816991196594,1
0.782184995598018,0.269371361415418,2
0.16665555968012,0.454182088272059,1
0.732026383395383,0.539556756621936,2
0.286218739999497,0.368957228442958,1
0.879303399317022,0.493477428958983,2
0.424226826238358,0.124273635716126,1
0.70375419995262,0.567148491371568,2
0.264548700118494,0.291439770495583,1
0.897665898464872,0.715957031683843,2
0.220871342634886,0.439816445717219,1
0.755189866259619,0.146526357558946,2
0.203648968678631,0.638669768159447,1
0.657592616490833,0.904186308363693,2
0.294630143883627,0.458005916206859,1
0.902326400008394,0.356988176746021,2
0.350132716012874,0.472069988927312,1
0.727511111611985,0.746104879481878,2
0.346038736751719,0.799947019497361,1
0.610816927869617,0.557860724365611,2
0.198461009251899,0.499633846089537,1
0.656080480437334,0.147090785630873,2
0.354555083971443,0.207267804264489,1
0.540430356993233,0.440024676672041,2
0.189956635733361,0.509550286649682,1
0.871948837171266,0.53412189134033,2
0.265900120043169,0.546905248824825,1
0.745124092961211,0.425051826519056,2
0.340847717977544,0.512520667199225,1
0.745141562056928,0.48827300214954,2
0.329934235518829,0.919911241882503,1
0.858075935209697,0.388382058799887,2
0.343407250624553,0.547456710343071,1
0.723511257880929,0.39092217249555,2
0.354756345114725,0.797906687775699,1
0.647369826427123,0.613334524999971,2
0.352333954716847,0.413252709528616,1
0.794847675267566,0.59658952883014,2
0.175068189337215,0.755579053939631,1
0.683377966916652,0.647477111406324,2
0.353752632306227,0.605042830073682,1
0.688393258786626,0.587620155742426,2
0.164513885872825,0.150154558405516,1
0.719068781381436,0.411438866585779,2
0.227540730291651,0.522243371731509,1
0.752379727160476,0.563060341579681,2